================================================================================
ABLATION STUDY ANALYSIS: 
================================================================================

Summary Statistics:
 k     BLEU      chrF    chrF++
 0 4.016138 26.061930 21.973133
 1 4.368584 26.780488 22.605207
 2 4.368584 26.780488 22.605207
 3 4.456883 27.282001 23.181151
 4 4.456883 27.282001 23.181151
 5 4.016138 26.061930 21.973133
 6 4.016138 26.061930 21.973133
 7 4.016138 26.061930 21.973133
 8 4.368584 26.780488 22.605207
 9 4.016138 26.061930 21.973133
10 4.368584 26.780488 22.605207

Improvements over k=0:
   k  BLEU_improvement  BLEU_improvement_pct  chrF_improvement  chrF_improvement_pct  chrFpp_improvement  chrFpp_improvement_pct
 1.0          0.352445              8.775731          0.718558              2.757117            0.632074                2.876576
 2.0          0.352445              8.775731          0.718558              2.757117            0.632074                2.876576
 3.0          0.440744             10.974331          1.220071              4.681429            1.208018                5.497705
 4.0          0.440744             10.974331          1.220071              4.681429            1.208018                5.497705
 5.0          0.000000              0.000000          0.000000              0.000000            0.000000                0.000000
 6.0          0.000000              0.000000          0.000000              0.000000            0.000000                0.000000
 7.0          0.000000              0.000000          0.000000              0.000000            0.000000                0.000000
 8.0          0.352445              8.775731          0.718558              2.757117            0.632074                2.876576
 9.0          0.000000              0.000000          0.000000              0.000000            0.000000                0.000000
10.0          0.352445              8.775731          0.718558              2.757117            0.632074                2.876576

Optimal k values:
  BLEU: k=3.0 (score=4.46)
  chrF: k=3.0 (score=27.28)
  chrF++: k=3.0 (score=23.18)
